160105
160106
160119
160125
160127
160133
160135
160137
160140
160142
160143
160211
160212
160215
160216
160218
160219
160220
160221
160222
160223
160225
160311
160314
160322
160323
160324
160325
160416
160418
160419
160420
160421
160425
160505
160512
160516
160517
160518
160526
160527
160529
160603
160605
160607
160610
160611
160613
160615
160616
160620
160624
160625
160626
160627
160628
160629
160630
160631
160632
160633
160634
160635
160636
160637
160638
160639
160642
160643
160644
160646
160706
160716
160717
160719
160722
160723
160726
160727
160805
160806
160807
160812
160813
160910
160916
160918
160919
160921
160924
160925
160926
161005
161017
161022
161024
161025
161026
161027
161028
161029
161030
161031
161032
161033
161035
161036
161037
161038
161039
161040
161116
161118
161119
161121
161122
161123
161124
161125
161126
161127
161128
161129
161130
161131
161132
161217
161219
161222
161224
161225
161226
161227
161229
161232
161233
161607
161610
161628
161631
161706
161715
161720
161721
161722
161723
161724
161725
161726
161727
161728
161729
161810
161811
161812
161815
161816
161818
161831
161834
161837
161838
161903
161907
161912
161914
162006
162107
162207
162216
162307
162411
162412
162414
162415
162509
162605
162607
162703
162711
162714
162719
162720
163001
163109
163110
163111
163113
163114
163115
163116
163118
163208
163209
163302
163402
163406
163407
163409
163412
163415
163417
163418
163503
163801
163803
163804
163805
163807
163808
163809
163810
163821
164212
164304
164401
164402
164403
164508
164701
164705
164818
164824
164826
164905
164906
164908
165309
165310
165312
165313
165508
165511
165512
165513
165515
165516
165519
165520
165521
165522
165523
165524
165525
165526
165528
165531
166001
166002
166005
166006
166007
166009
166011
166023
166024
166025
166027
166107
166109
166802
167001
167002
167003
167301
167302
167503
167506
167508
167702
501001
501005
501007
501009
501011
501015
501016
501017
501018
501019
501021
501022
501025
501026
501028
501029
501030
501032
501036
501038
501043
501046
501047
501050
501051
501053
501057
501059
501060
501062
501064
501065
501070
501071
501073
501075
501076
501077
501078
501079
501080
501081
501082
501083
501085
501087
501088
501089
501090
501091
501092
501093
501095
501096
501097
501098
501099
501186
501188
501189
501200
501201
501203
501206
501207
501208
501209
501219
501225
501227
501300
501301
501302
501303
501305
501306
501307
501310
501311
501312
